90;-105;15;1
105;-105;15;1
60;-90;15;1
75;-90;15;1
90;-90;15;1
105;-90;15;1
120;-90;15;1
45;-75;15;1
60;-75;15;1
75;-75;15;1
90;-75;15;1
105;-75;15;1
120;-75;15;1
135;-75;15;1
45;-60;15;1
60;-60;15;1
75;-60;15;1
90;-60;15;1
105;-60;15;1
120;-60;15;1
135;-60;15;1
150;-60;15;1
30;-45;15;1
45;-45;15;1
60;-45;15;1
75;-45;15;1
90;-45;15;1
105;-45;15;1
120;-45;15;1
135;-45;15;1
150;-45;15;1
30;-30;15;1
45;-30;15;1
60;-30;15;1
75;-30;15;1
90;-30;15;1
105;-30;15;1
120;-30;15;1
135;-30;15;1
150;-30;15;1
30;-15;15;1
45;-15;15;1
60;-15;15;1
75;-15;15;1
105;-15;15;1
120;-15;15;1
135;-15;15;1
150;-15;15;1
165;-15;15;1
15;0;15;1
30;0;15;1
45;0;15;1
60;0;15;1
75;0;15;1
120;0;15;1
135;0;15;1
150;0;15;1
165;0;15;1
15;15;15;1
30;15;15;1
45;15;15;1
60;15;15;1
120;15;15;1
135;15;15;1
150;15;15;1
165;15;15;1
15;30;15;1
30;30;15;1
45;30;15;1
135;30;15;1
150;30;15;1
165;30;15;1
15;45;15;1
30;45;15;1
45;45;15;1
135;45;15;1
150;45;15;1
165;45;15;1
15;60;15;1
30;60;15;1
45;60;15;1
135;60;15;1
150;60;15;1
165;60;15;1
15;75;15;1
30;75;15;1
45;75;15;1
135;75;15;1
150;75;15;1
165;75;15;1
15;90;15;1
30;90;15;1
45;90;15;1
150;90;15;1
165;90;15;1
15;105;15;1
30;105;15;1
45;105;15;1
135;105;15;1
150;105;15;1
165;105;15;1
15;120;15;1
30;120;15;1
45;120;15;1
135;120;15;1
150;120;15;1
165;120;15;1
15;135;15;1
30;135;15;1
45;135;15;1
135;135;15;1
150;135;15;1
165;135;15;1
300;135;15;1
315;135;15;1
15;150;15;1
30;150;15;1
45;150;15;1
135;150;15;1
150;150;15;1
165;150;15;1
285;150;15;1
300;150;15;1
315;150;15;1
15;165;15;1
30;165;15;1
45;165;15;1
135;165;15;1
150;165;15;1
165;165;15;1
285;165;15;1
300;165;15;1
315;165;15;1
15;180;15;1
30;180;15;1
45;180;15;1
135;180;15;1
150;180;15;1
165;180;15;1
285;180;15;1
300;180;15;1
315;180;15;1
15;195;15;1
30;195;15;1
45;195;15;1
135;195;15;1
150;195;15;1
165;195;15;1
285;195;15;1
300;195;15;1
315;195;15;1
15;210;15;1
30;210;15;1
45;210;15;1
135;210;15;1
150;210;15;1
165;210;15;1
300;210;15;1
315;210;15;1
15;225;15;1
30;225;15;1
45;225;15;1
135;225;15;1
150;225;15;1
165;225;15;1
15;240;15;1
30;240;15;1
45;240;15;1
135;240;15;1
150;240;15;1
165;240;15;1
15;255;15;1
30;255;15;1
45;255;15;1
150;255;15;1
165;255;15;1
15;270;15;1
30;270;15;1
45;270;15;1
135;270;15;1
150;270;15;1
165;270;15;1
15;285;15;1
30;285;15;1
45;285;15;1
135;285;15;1
150;285;15;1
165;285;15;1
15;300;15;1
30;300;15;1
45;300;15;1
135;300;15;1
150;300;15;1
165;300;15;1
15;315;15;1
30;315;15;1
45;315;15;1
60;315;15;1
135;315;15;1
150;315;15;1
165;315;15;1
15;330;15;1
30;330;15;1
45;330;15;1
60;330;15;1
120;330;15;1
135;330;15;1
150;330;15;1
165;330;15;1
15;345;15;1
30;345;15;1
45;345;15;1
60;345;15;1
75;345;15;1
120;345;15;1
135;345;15;1
150;345;15;1
165;345;15;1
30;360;15;1
45;360;15;1
60;360;15;1
75;360;15;1
90;360;15;1
105;360;15;1
120;360;15;1
135;360;15;1
150;360;15;1
165;360;15;1
30;375;15;1
45;375;15;1
60;375;15;1
75;375;15;1
90;375;15;1
105;375;15;1
120;375;15;1
135;375;15;1
150;375;15;1
30;390;15;1
45;390;15;1
60;390;15;1
75;390;15;1
90;390;15;1
105;390;15;1
120;390;15;1
135;390;15;1
150;390;15;1
45;405;15;1
60;405;15;1
75;405;15;1
90;405;15;1
105;405;15;1
120;405;15;1
135;405;15;1
150;405;15;1
45;420;15;1
60;420;15;1
75;420;15;1
90;420;15;1
105;420;15;1
120;420;15;1
135;420;15;1
75;435;15;1
90;435;15;1
105;435;15;1
120;435;15;1
180;75;0;1
195;75;0;1
210;75;0;1
180;90;0;1
195;90;0;1
210;90;0;1
225;90;0;1
180;105;0;1
195;105;0;1
210;105;0;1
225;105;0;1
240;105;0;1
180;120;0;1
195;120;0;1
210;120;0;1
225;120;0;1
240;120;0;1
255;120;0;1
180;135;0;1
195;135;0;1
210;135;0;1
225;135;0;1
240;135;0;1
255;135;0;1
180;150;0;1
195;150;0;1
210;150;0;1
225;150;0;1
240;150;0;1
255;150;0;1
180;165;0;1
195;165;0;1
210;165;0;1
225;165;0;1
240;165;0;1
255;165;0;1
270;165;0;1
180;180;0;1
195;180;0;1
210;180;0;1
225;180;0;1
240;180;0;1
255;180;0;1
270;180;0;1
180;195;0;1
195;195;0;1
210;195;0;1
225;195;0;1
240;195;0;1
255;195;0;1
180;210;0;1
195;210;0;1
210;210;0;1
225;210;0;1
240;210;0;1
255;210;0;1
180;225;0;1
195;225;0;1
210;225;0;1
225;225;0;1
240;225;0;1
180;240;0;1
195;240;0;1
210;240;0;1
225;240;0;1
240;240;0;1
180;255;0;1
195;255;0;1
210;255;0;1
225;255;0;1
180;270;0;1
195;270;0;1
180;15;4;1
195;15;4;1
210;15;4;1
180;30;4;1
195;30;4;1
210;30;4;1
225;30;4;1
240;30;4;1
180;45;4;1
195;45;4;1
210;45;4;1
225;45;4;1
240;45;4;1
255;45;4;1
270;45;4;1
180;60;4;1
195;60;4;1
210;60;4;1
225;60;4;1
240;60;4;1
255;60;4;1
270;60;4;1
285;60;4;1
225;75;4;1
240;75;4;1
255;75;4;1
270;75;4;1
285;75;4;1
240;90;4;1
255;90;4;1
270;90;4;1
285;90;4;1
300;90;4;1
255;105;4;1
270;105;4;1
285;105;4;1
300;105;4;1
315;105;4;1
270;120;4;1
285;120;4;1
300;120;4;1
315;120;4;1
270;135;4;1
285;135;4;1
270;150;4;1
270;195;4;1
270;210;4;1
285;210;4;1
255;225;4;1
270;225;4;1
285;225;4;1
300;225;4;1
315;225;4;1
255;240;4;1
270;240;4;1
285;240;4;1
300;240;4;1
240;255;4;1
255;255;4;1
270;255;4;1
285;255;4;1
300;255;4;1
210;270;4;1
225;270;4;1
240;270;4;1
255;270;4;1
270;270;4;1
285;270;4;1
180;285;4;1
195;285;4;1
210;285;4;1
225;285;4;1
240;285;4;1
255;285;4;1
270;285;4;1
180;300;4;1
195;300;4;1
210;300;4;1
225;300;4;1
240;300;4;1
255;300;4;1
270;300;4;1
180;315;4;1
195;315;4;1
210;315;4;1
225;315;4;1
240;315;4;1
180;330;4;1
195;330;4;1
